1000 10000 2
503 1
699 1
946 503
592 503
184 699
903 699
673 946
315 946
691 592
659 592
562 184
557 184
728 903
180 903
71 673
90 673
47 315
97 315
900 691
708 691
564 659
265 659
263 562
156 562
568 557
328 557
4 728
400 728
846 180
801 180
933 71
643 71
546 90
711 90
281 47
56 47
101 97
905 97
641 900
164 900
936 708
308 708
206 564
411 564
89 265
446 265
27 263
395 263
43 156
95 156
386 568
707 568
475 328
422 328
300 4
425 4
53 400
232 400
415 846
158 846
918 801
832 801
439 933
230 933
367 643
354 643
380 546
613 546
973 711
525 711
607 281
369 281
956 56
919 56
719 101
63 101
788 905
481 905
595 641
432 641
977 164
225 164
582 936
221 936
554 308
753 308
747 206
418 206
893 411
443 411
694 89
320 89
378 446
306 446
440 27
824 27
553 395
346 395
748 43
733 43
416 95
852 95
927 386
362 386
170 707
186 707
181 475
960 475
535 422
110 422
193 300
579 300
583 425
390 425
916 53
740 53
760 232
340 232
163 415
979 415
177 158
687 158
154 918
530 918
818 832
813 832
91 439
901 439
449 230
127 230
577 367
501 367
618 354
524 354
172 380
456 380
364 613
670 613
745 973
953 973
68 525
947 525
644 607
314 607
326 369
294 369
717 956
780 956
980 919
823 919
417 719
683 719
867 63
28 63
957 788
57 788
218 481
942 481
661 595
649 595
778 432
33 432
392 977
534 977
298 225
682 225
162 582
547 582
46 221
109 221
631 554
915 554
681 753
941 753
15 747
955 747
264 418
287 418
261 893
322 893
81 443
990 443
827 694
720 694
877 320
943 320
293 378
435 378
540 306
13 306
74 440
833 440
129 824
556 824
499 553
732 553
624 346
85 346
507 748
806 748
223 733
797 733
657 416
871 416
615 852
783 852
601 927
519 927
143 362
311 362
627 170
686 170
105 186
917 186
80 181
212 181
477 960
907 960
256 535
286 535
526 110
344 110
445 193
145 193
483 579
309 579
968 583
713 583
3 390
844 390
597 916
182 916
862 740
950 740
12 760
279 760
9 340
119 340
675 163
42 163
537 979
321 979
561 177
985 177
826 687
438 687
902 154
450 154
578 530
246 530
250 818
189 818
633 813
26 813
131 91
604 91
663 901
622 901
343 449
277 449
796 127
493 127
334 577
838 577
586 501
967 501
756 618
98 618
676 524
146 524
677 172
487 172
891 456
192 456
135 364
883 364
785 670
995 670
726 745
492 745
353 953
104 953
257 68
355 68
528 947
280 947
484 644
106 644
910 314
151 314
198 326
215 326
948 294
102 294
428 717
124 717
480 780
412 780
241 980
370 980
302 823
690 823
461 417
227 417
749 683
7 683
603 867
625 867
490 28
725 28
876 957
217 957
836 57
433 57
712 218
825 218
875 942
755 942
30 661
128 661
972 649
589 649
735 778
874 778
551 33
8 33
570 392
87 392
746 534
637 534
361 298
82 298
731 682
437 682
559 162
130 162
543 547
214 547
830 46
575 46
671 109
544 109
527 631
750 631
736 915
208 915
377 681
533 681
21 941
118 941
800 15
282 15
389 955
339 955
17 264
414 264
494 287
301 287
464 261
574 261
768 322
482 322
594 81
297 81
107 990
319 990
431 827
38 827
616 720
236 720
949 877
121 877
224 943
817 943
273 293
757 293
606 435
372 435
259 540
168 540
983 13
200 13
895 74
563 74
149 833
688 833
284 129
171 129
881 556
639 556
924 499
349 499
703 732
835 732
617 624
805 624
758 85
870 85
878 507
295 507
444 806
952 806
999 223
406 223
558 797
409 797
837 657
447 657
187 871
809 871
959 615
271 615
763 783
94 783
811 601
84 601
803 519
175 519
157 143
944 143
348 311
628 311
289 627
160 627
808 686
860 686
640 105
242 105
596 917
923 917
357 80
1000 80
454 212
190 212
213 477
767 477
765 907
45 907
714 256
858 256
303 286
938 286
393 526
5 526
629 344
898 344
496 445
205 445
504 145
706 145
307 483
325 483
724 309
332 309
248 968
692 968
512 713
764 713
6 3
517 3
510 844
10 844
770 597
36 597
488 182
926 182
317 862
313 862
598 950
520 950
312 12
614 12
457 279
658 279
648 9
373 9
566 119
851 119
44 675
310 675
402 42
268 42
55 537
742 537
92 321
356 321
816 561
58 561
970 985
802 985
19 826
523 826
549 438
937 438
866 902
542 902
247 450
932 450
608 578
467 578
572 246
828 246
359 250
210 250
754 189
48 189
702 633
139 633
72 26
593 26
667 131
514 131
899 604
185 604
904 663
914 663
912 622
882 622
545 343
323 343
209 277
685 277
701 796
59 796
879 493
994 493
611 334
429 334
781 838
78 838
292 586
342 586
696 967
358 967
327 756
178 756
839 98
142 98
462 676
288 676
350 146
743 146
138 677
219 677
710 487
913 487
235 891
762 891
576 192
799 192
32 135
982 135
773 883
266 883
283 785
522 785
291 995
405 995
453 726
365 726
752 492
843 492
635 353
201 353
920 104
951 104
538 257
150 257
591 355
18 355
113 528
371 528
779 280
167 280
531 484
856 484
234 106
986 106
183 910
609 910
407 151
695 151
784 198
761 198
560 215
909 215
401 948
529 948
552 102
790 102
231 428
144 428
819 124
521 124
684 480
672 480
141 412
897 412
602 241
305 241
581 370
24 370
125 302
497 302
379 690
252 690
840 461
911 461
963 227
233 227
513 749
935 749
470 7
709 7
274 603
834 603
831 625
14 625
226 490
969 490
966 725
850 725
398 876
814 876
612 217
207 217
196 836
652 836
278 433
585 433
718 712
822 712
855 825
772 825
245 875
269 875
211 755
324 755
961 30
195 30
159 128
202 128
930 972
863 972
634 589
962 589
567 735
360 735
786 874
954 874
698 551
774 551
296 8
536 8
638 570
329 570
842 87
473 87
759 746
2 746
290 637
812 637
430 361
436 361
849 82
419 82
83 731
399 731
244 437
41 437
381 559
646 559
697 130
220 130
65 543
237 543
580 214
147 214
260 830
798 830
117 575
664 575
376 671
610 671
191 544
515 544
276 527
500 527
958 750
821 750
987 736
653 736
744 208
203 208
705 377
888 377
992 533
729 533
73 21
873 21
845 118
375 118
730 800
31 800
931 282
216 282
573 389
253 389
721 339
413 339
820 17
934 17
96 414
974 414
872 494
455 494
199 301
722 301
865 464
93 464
539 574
928 574
996 768
619 768
441 482
509 482
929 594
251 594
152 297
925 297
630 107
660 107
569 319
662 319
86 431
993 431
194 38
337 38
262 616
623 616
795 236
590 236
989 949
197 949
498 121
352 121
807 224
869 224
890 817
978 817
565 273
892 273
132 757
769 757
777 606
255 606
249 372
29 372
600 259
815 259
108 168
584 168
396 983
155 983
120 200
115 200
621 895
656 895
669 563
134 563
133 149
116 149
723 688
508 688
448 284
88 284
465 171
984 171
991 881
424 881
458 639
678 639
285 924
49 924
468 349
387 349
789 703
272 703
486 835
335 835
37 617
410 617
243 805
981 805
922 758
34 758
460 870
100 870
11 878
532 878
397 295
165 295
555 444
16 444
506 952
771 952
793 999
766 999
472 406
39 406
77 558
620 558
988 409
239 409
70 837
238 837
267 447
35 447
403 187
976 187
908 809
382 809
857 959
841 959
853 271
847 271
148 763
668 763
351 94
868 94
336 811
502 811
228 84
40 84
642 803
391 803
489 175
647 175
62 157
137 157
330 944
434 944
939 348
787 348
884 628
476 628
921 289
998 289
654 160
666 160
229 808
971 808
864 860
791 860
345 640
716 640
66 242
469 242
632 596
829 596
275 923
366 923
304 357
751 357
739 1000
964 1000
854 454
541 454
442 190
153 190
61 213
886 213
715 767
176 767
51 765
404 765
689 45
651 45
511 714
804 714
67 858
452 858
368 303
738 303
885 938
485 938
550 393
906 393
421 5
420 5
254 629
385 629
674 898
516 898
50 496
25 496
775 205
114 205
792 504
174 504
734 706
64 706
333 307
737 307
478 325
794 325
54 724
810 724
384 332
69 332
571 248
861 248
60 692
975 692
240 512
123 512
693 764
700 764
173 6
466 6
122 517
408 517
636 510
741 510
463 10
965 10
495 770
383 770
645 36
374 36
727 488
650 488
474 926
655 926
704 317
471 317
889 313
626 313
423 598
997 598
479 520
75 520
338 312
587 312
388 614
204 614
665 457
341 457
331 658
679 658
316 648
103 648
22 373
680 373
599 566
136 566
23 851
491 851
848 44
99 44
258 310
270 310
394 402
945 402
166 268
588 268
169 55
880 55
112 742
426 742
79 92
548 92
318 356
347 356
161 816
179 816
299 58
111 58
896 970
894 970
518 802
451 802
940 19
140 19
887 523
222 523
363 549
782 549
126 937
459 937
188 866
776 866
859 542
505 542
427 247
52 247
76 932
20 932
605 608
