1000 20000 3
209 943
943 178
178 551
551 868
868 495
495 255
255 293
293 590
590 290
290 34
34 880
880 84
84 577
577 310
310 491
491 646
646 79
79 175
175 277
277 248
248 739
739 780
780 401
401 193
193 924
924 904
904 212
212 155
155 166
166 438
438 165
165 158
158 321
321 659
659 597
597 433
433 5
5 623
623 337
337 581
581 728
728 372
372 115
115 311
311 842
842 35
35 127
127 917
917 766
766 230
230 988
988 347
347 703
703 593
593 808
808 755
755 1
1 752
752 379
379 944
944 921
921 94
94 28
28 271
271 887
887 45
45 460
460 256
256 152
152 696
696 873
873 705
705 750
750 453
453 832
832 729
729 397
397 183
183 327
327 619
619 771
771 382
382 177
177 680
680 340
340 699
699 203
203 344
344 494
494 507
507 362
362 432
432 118
118 67
67 91
91 398
398 144
144 113
113 898
898 862
862 695
695 259
259 905
905 385
385 276
276 838
838 919
919 62
62 563
563 187
187 56
56 643
643 848
848 701
701 569
569 845
845 949
949 515
515 648
648 170
170 530
530 85
85 802
802 184
184 672
672 51
51 294
294 229
229 350
350 54
54 455
455 332
332 982
982 777
777 545
545 987
987 783
783 246
246 225
225 811
811 269
269 992
992 341
341 711
711 129
129 599
599 257
257 143
143 793
793 652
652 314
314 442
442 149
149 417
417 585
585 451
451 105
105 538
538 205
205 768
768 876
876 485
485 123
123 117
117 956
956 424
424 882
882 952
952 37
37 642
642 227
227 108
108 850
850 893
893 281
281 440
440 805
805 665
665 17
17 270
270 296
296 111
111 14
14 950
950 531
531 727
727 286
286 867
867 2
2 622
622 632
632 159
159 140
140 592
592 668
668 788
788 634
634 343
343 955
955 58
58 558
558 124
124 588
588 487
487 656
656 349
349 40
40 213
213 415
415 243
243 122
122 821
821 923
923 59
59 775
775 953
953 856
856 604
604 60
60 760
760 512
512 749
749 302
302 426
426 191
191 816
816 564
564 406
406 452
452 161
161 459
459 769
769 640
640 890
890 288
288 98
98 454
454 8
8 239
239 791
791 628
628 615
615 180
180 306
306 278
278 526
526 715
715 928
928 909
909 864
864 36
36 704
704 413
413 529
529 662
662 708
708 740
740 843
843 66
66 335
335 443
443 611
611 609
609 852
852 419
419 168
168 869
869 589
589 499
499 6
6 756
756 173
173 233
233 68
68 365
365 650
650 935
935 22
22 733
733 364
364 339
339 710
710 279
279 679
679 964
964 540
540 693
693 100
100 97
97 71
71 11
11 566
566 194
194 732
732 325
325 489
489 481
481 938
938 902
902 207
207 826
826 78
78 552
552 625
625 942
942 669
669 716
716 690
690 21
21 667
667 719
719 50
50 414
414 927
927 323
323 853
853 267
267 73
73 903
903 283
283 971
971 12
12 633
633 236
236 800
800 484
484 803
803 431
431 315
315 469
469 822
822 844
844 899
899 975
975 731
731 434
434 479
479 644
644 463
463 141
141 692
692 718
718 784
784 93
93 20
20 836
836 614
614 252
252 687
687 915
915 508
508 543
543 789
789 781
781 970
970 730
730 223
223 109
109 859
859 857
857 303
303 637
637 445
445 497
497 638
638 722
722 635
635 985
985 981
981 4
4 447
447 605
605 462
462 396
396 920
920 482
482 500
500 216
216 527
527 291
291 250
250 429
429 618
618 480
480 346
346 818
818 807
807 137
137 770
770 186
186 603
603 521
521 778
778 483
483 580
580 979
979 136
136 353
353 202
202 966
966 636
636 724
724 254
254 776
776 26
26 475
475 15
15 496
496 215
215 80
80 888
888 616
616 383
383 908
908 89
89 446
446 945
945 689
689 786
786 381
381 74
74 833
833 476
476 374
374 532
532 461
461 774
774 889
889 46
46 849
849 661
661 148
148 13
13 471
471 509
509 670
670 352
352 199
199 389
389 986
986 754
754 182
182 686
686 578
578 43
43 138
138 553
553 232
232 896
896 772
772 474
474 477
477 572
572 957
957 351
351 219
219 430
430 912
912 972
972 858
858 954
954 673
673 153
153 472
472 157
157 393
393 356
356 504
504 61
61 654
654 547
547 608
608 163
163 698
698 285
285 860
860 702
702 272
272 416
416 694
694 810
810 556
556 457
457 400
400 249
249 683
683 617
617 933
933 814
814 647
647 228
228 292
292 854
854 602
602 951
951 99
99 411
411 792
792 897
897 436
436 101
101 217
217 131
131 624
624 295
295 621
621 468
468 524
524 796
796 901
901 120
120 305
305 932
932 922
922 244
244 925
925 937
937 607
607 613
613 879
879 883
883 260
260 837
837 706
706 629
629 258
258 809
809 284
284 583
583 197
197 506
506 466
466 369
369 548
548 200
200 713
713 408
408 412
412 319
319 835
835 513
513 891
891 27
27 812
812 421
421 172
172 846
846 797
797 936
936 52
52 3
3 914
914 422
422 528
528 598
598 125
125 855
855 179
179 32
32 759
759 573
573 671
671 870
870 377
377 190
190 39
39 779
779 289
289 764
764 847
847 64
64 562
562 317
317 238
238 18
18 360
360 537
537 198
198 44
44 960
960 247
247 320
320 449
449 242
242 794
794 427
427 726
726 958
958 714
714 596
596 38
38 709
709 737
737 275
275 725
725 47
47 707
707 963
963 738
738 595
595 345
345 280
280 464
464 940
940 907
907 359
359 717
717 799
799 409
409 819
819 245
245 324
324 55
55 88
88 965
965 535
535 208
208 112
112 773
773 473
473 326
326 977
977 561
561 677
677 983
983 994
994 828
828 378
378 185
185 493
493 626
626 70
70 265
265 657
657 691
691 697
697 19
19 931
931 86
86 653
653 121
121 297
297 139
139 555
555 156
156 418
418 42
42 171
171 399
399 660
660 996
996 570
570 525
525 631
631 892
892 425
425 594
594 886
886 962
962 544
544 263
263 333
333 204
204 423
423 984
984 361
361 817
817 363
363 885
885 990
990 804
804 968
968 75
75 373
373 72
72 142
142 65
65 195
195 375
375 439
439 192
192 145
145 224
224 492
492 90
90 757
757 367
367 536
536 264
264 947
947 231
231 450
450 571
571 49
49 437
437 201
201 309
309 516
516 95
95 420
420 934
934 160
160 103
103 865
865 959
959 444
444 33
33 641
641 486
486 116
116 467
467 630
630 435
435 787
787 488
488 744
744 458
458 511
511 220
220 490
490 874
874 929
929 734
734 993
993 682
682 973
973 576
576 900
900 386
386 967
967 584
584 266
266 801
801 307
307 681
681 478
478 376
376 448
448 428
428 328
328 875
875 568
568 961
961 721
721 871
871 591
591 881
881 10
10 355
355 241
241 550
550 164
164 130
130 827
827 226
226 753
753 910
910 128
128 946
946 82
82 83
83 998
998 395
395 600
600 150
150 371
371 405
405 688
688 331
331 110
110 318
318 300
300 132
132 557
557 748
748 465
465 407
407 735
735 723
723 106
106 574
574 834
834 884
884 119
119 974
974 322
322 366
366 916
916 763
763 939
939 404
404 587
587 441
441 559
559 147
147 586
586 767
767 154
154 666
666 221
221 841
841 498
498 308
308 176
176 989
989 384
384 743
743 48
48 133
133 820
820 663
663 287
287 338
338 712
712 206
206 995
995 76
76 222
222 645
645 549
549 63
63 918
918 534
534 840
840 370
370 518
518 606
606 237
237 274
274 299
299 575
575 824
824 861
861 107
107 742
742 30
30 29
29 651
651 502
502 218
218 391
391 1000
1000 782
782 268
268 991
991 649
649 162
162 282
282 261
261 746
746 911
911 126
126 976
976 313
313 969
969 554
554 542
542 894
894 31
31 751
751 579
579 823
823 795
795 41
41 214
214 941
941 253
253 505
505 81
81 676
676 167
167 235
235 684
684 813
813 301
301 298
298 980
980 251
251 312
312 745
745 674
674 700
700 906
906 720
720 762
762 456
456 135
135 895
895 188
188 387
387 839
839 329
329 866
866 336
336 357
357 392
392 7
7 675
675 410
410 829
829 102
102 639
639 830
830 316
316 948
948 151
151 741
741 863
863 134
134 533
533 403
403 23
23 685
685 189
189 273
273 114
114 96
96 368
368 24
24 831
831 541
541 240
240 234
234 470
470 610
610 25
25 913
913 520
520 560
560 825
825 519
519 736
736 334
334 181
181 798
798 146
146 402
402 523
523 210
210 503
503 678
678 262
262 517
517 582
582 758
758 567
567 211
211 877
877 565
565 394
394 747
747 878
878 997
997 790
790 761
761 514
514 501
501 627
627 92
92 9
9 765
765 815
815 174
174 69
69 380
380 655
655 304
304 546
546 539
539 851
851 196
196 658
658 785
785 77
77 510
510 601
601 390
390 57
57 87
87 342
342 620
620 806
806 999
999 358
358 330
330 53
53 16
16 926
926 104
104 872
872 169
169 354
354 612
612 348
348 930
930 664
664 522
522 388
388 978
